783214
85426644
3282859598
586671909
15007299
6015212
17485551
76931020
63796828
76262666
147589125
80612078
221378668
60940059
82971772
70879905
193282914
78915732
421169002
149959442
87766670
37598043
156113195
920263298
885220314
123530755
67669448
133411809
1389879272
64710791
304011637
146130732
50366308
44628138
147728180
199492223
80440340
55284063
142824675
898538105984217089
401444178
32280530
124512406
1295022014126788613
216462016
153936357
163464536
87316523
2400260346
584065359
104238493
85001358
58977300
65257228
57433936
52246968
74087839
3091853545
78164644
198306222
156002928
153783174
53082816
225647847
55596847
379341354
414980668
1498393585
67335740
106501619
116765507
164045164
145345413
135284657
204993019
1348661210019983360
59205670
106136782
135576463
135576463
188895915
791045
1116803048
1411477873
762919429
51023090
2386072945
299443676
154276997
104649456
72125477
369560143
80035887
294781097
289064825
102142660
225555160
199298711
145646070
2535770460
2226755312
570489469
192917632
334845515
456731322
166989182
1081268628690006018
49816653
49653537
204867929
1293938618541772802
132390371
602325524
72651951
290547584
1262015221
815822833
1262015221
239903372
1470778200
355959356
1892260460
273204596
16808626
2828470096
2650461102
806043
526615511
229912605
72607689
71247861
140886484
22183793
16575488
138197093
178242005
19643113
138042284
246798583
6776102
110519146
106748209
468367694
2706009970
130823503
1134731028
2915979073
253348079
567439059
97966452
230125016
46630111
909998372
301999573
943063875590742019
1970069144
933525632
3148493695
2805950208
230123496
37096554
3299238484
193786667
30910339
19905577
43378801
33807323
85602735
62214030
124201028
204857228
305112787
40550246
1416749000
273554627
49200500
3289885236
21643907
317852133
144852000
143489940
475673087
124684269
350880575
253148669
111336027
4004366759
42934099
57739572
415192261
70724835
130619834
44118449
97419198
1707562254
6787852
115037005
2339045401
41654482
887204022
2842086463
255091540
495019989
140098645
111322124
122949516
18722502
362630024
73390334
1089816050
234144289
3153314551
53307678
359881530
2661162998
1242912750
242387827
100832121
420385376
2806122015
17228301
256534009
357131109
77789685
1274766014
214319039
147841313
94253552
2237379685
1204950794
138112719
48165213
35353574
21066812
1234861098
3307127435
98798931
1921502594
177764754
1239635669603045380
243679969
104568366
2775757833
289962375
3571401615
3247549408
1321566241
185673325
378082834
421165758
138236123
1137667088
43721384
3024022883
3192854889
44927299
220844717
